10 1 
1.59674 8.535317 
1.445159 6.660066 
1.491804 7.333267 
5.144343 3.147403 
4.928273 6.677179 
6.163428 4.638867 
4.474229 6.502829 
0.5567672 7.857752 
0.0539631 9.017042 
2.218342 5.274075 
8.509632 1.58109 
2.673462 2.696188 
5.986003 1.345402 
6.085997 2.375576 
9.921584 7.230566 
1.9119 6.271254 
7.533906 4.523645 
2.423873 6.34307 
3.274522 5.294969 
0.03535495 3.301064 
9.974241 7.707374 
4.380595 6.349892 
9.976887 7.743637 
1.967192 1.788492 
1.114768 3.964023 
2.507365 9.627159 
6.804766 3.773136 
5.772543 0.7755495 
4.163473 5.293351 
7.291812 9.49724 
5.741897 8.561131 
5.776351 5.494361 
5.899991 6.649535 
2.229283 5.004481 
1.034923 9.240722 
7.36506 0.9192795 
6.124038 4.969534 
9.512124 7.822241 
9.598759 8.698469 
7.448361 9.015523 
4.348301 8.113825 
1.747751 1.537296 
4.352881 7.297587 
7.624582 7.595029 
9.190293 6.608195 
9.066976 9.080351 
8.155128 3.897839 
1.997529 9.569783 
0.4962559 4.565864 
4.789485 1.950086 
5.903934 5.907192 
0.9662024 1.553987 
9.508902 5.194961 
1.627431 4.128397 
9.215063 8.27217 
1.277751 5.630959 
6.627396 4.564755 
7.840419 1.923486 
7.646132 4.719468 
6.725703 2.325002 
1.156659 3.140797 
8.513015 8.66852 
6.179616 4.449873 
8.364116 4.339284 
1.699282 4.725881 
0.1028122 8.334017 
3.234697 0.1034111 
2.696827 3.091295 
8.252614 0.8615297 
9.336617 8.230071 
1.277915 4.711072 
9.133376 5.323359 
6.052339 3.953954 
4.002852 4.544372 
6.657953 1.149009 
7.675993 0.3109084 
5.218957 0.2321088 
3.945075 0.7751935 
9.657868 3.615311 
0.4898554 7.614087 
1.533083 7.432816 
6.968391 0.976922 
7.277859 9.619054 
1.083794 1.432044 
4.645685 4.846617 
6.421255 5.64911 
3.971109 9.323056 
9.904303 8.200248 
6.787088 5.33083 
3.153185 3.84469 
1.537693 5.459883 
3.012517 7.967279 
0.9451553 6.273434 
0.2687551 1.03957 
3.104833 1.919925 
7.424389 8.421104 
9.600922 4.793766 
4.158027 7.772606 
5.222354 8.181791 
0.6751973 2.969339 
6.298418 2.267099 
3.534138 6.203579 
4.247147 3.738756 
9.637688 8.859724 
6.809985 1.255316 
7.184639 1.579966 
1.706298 6.384625 
2.036091 1.861306 
8.765497 6.645087 
8.375225 5.120259 
7.20627 7.416198 
2.810634 3.36513 
2.099909 1.112684 
4.941503 4.022896 
5.217528 5.426987 
2.198318 7.402613 
7.631067 1.725701 
0.2451965 5.864854 
7.114859 4.998465 
8.408876 9.363586 
9.308211 9.103031 
6.620916 1.529066 
2.699422 3.072975 
2.182335 6.982942 
8.678182 7.632152 
0.2457155 5.098697 
8.500267 2.267272 
5.239331 1.658614 
4.354627 3.161372 
9.312947 0.4494109 
1.645504 6.695684 
3.787884 7.462772 
1.380449 2.485334 
1.497211 4.669532 
6.764472 0.4428733 
5.621162 0.982659 
4.716484 8.970945 
8.111002 6.151485 
9.623885 6.4071 
5.154099 4.610021 
7.037228 2.797315 
1.808795 9.449502 
3.549669 0.2307172 
0.4990279 1.773127 
1.525537 9.714281 
0.9927172 7.997378 
2.801481 9.99651 
3.874502 2.607435 
6.341588 5.821827 
7.070636 0.7229417 
3.260183 8.022837 
9.651833 8.805654 
6.964544 8.896295 
1.610782 0.1132701 
3.690622 2.414006 
3.022178 6.072689 
4.579658 3.627206 
8.232827 7.092087 
2.325394 0.4207296 
4.023222 6.57171 
9.716128 2.306894 
1.244207 2.729774 
6.302901 7.331638 
7.03867 1.782562 
5.912003 3.856343 
9.965163 6.843546 
0.453361 4.15191 
9.900725 5.421618 
7.453063 4.551899 
4.367496 1.270644 
1.530065 0.3118425 
4.488652 1.656532 
1.863247 7.988807 
4.265486 1.42388 
8.207799 0.7444084 
0.5037891 0.2857401 
3.253822 4.173919 
8.424119 8.54028 
0.4019979 3.304889 
7.91873 4.444365 
9.616284 4.134832 
6.609205 3.517508 
0.08717419 9.278503 
4.657892 9.300546 
7.166138 2.802632 
0.2818211 7.293099 
8.454826 2.167849 
7.464154 9.402478 
2.640308 0.6429897 
7.459137 9.886689 
6.715825 2.102085 
1.720527 3.185324 
6.697165 1.217699 
9.30354 5.842142 
8.509748 6.583434 
7.810732 9.96165 
6.858423 1.940676 
5.913691 8.164967 
4.032732 6.194521 
1.283481 9.856071 
8.201645 4.41792 
7.167205 7.241852 
7.883249 0.7584862 
0.18316 6.303428 
1.744901 2.145865 
5.98649 9.191276 
0.8063882 8.11952 
7.073159 8.561159 
5.636688 8.167572 
2.828079 4.171017 
3.920568 9.775491 
6.727282 4.993637 
1.621797 4.985717 
1.085019 3.434723 
5.334442 0.6734939 
1.031991 9.073653 
0.9341809 2.211197 
6.399251 2.976639 
5.640424 6.585425 
3.055365 5.666199 
2.66009 9.712924 
6.325008 1.049322 
8.307578 5.437989 
0.5135562 9.153721 
9.92335 8.729374 
0.2208719 9.045389 
1.798389 7.787806 
3.286921 1.671711 
8.548957 1.213849 
1.843603 1.182941 
7.953567 4.320676 
8.588521 7.77387 
4.720195 9.040981 
6.482028 4.264663 
3.250417 8.095111 
4.661375 4.683751 
9.424073 6.786031 
2.454643 7.587259 
0.2245706 6.833596 
9.670718 8.475796 
2.600489 3.115699 
6.541072 1.827668 
0.7538124 0.9352017 
9.692461 0.1479459 
9.185393 9.024133 
8.681525 7.960529 
4.24379 0.777719 
7.81032 1.017431 
2.999059 1.738921 
2.894528 5.28678 
9.992738 7.35314 
9.870372 1.182187 
4.800463 1.034394 
7.622751 5.522635 
3.286119 2.905186 
2.362388 4.404405 
6.1786 1.184443 
3.404493 9.216186 
0.5839103 7.325895 
9.819458 4.615305 
6.880401 6.723144 
8.621822 2.884944 
4.616955 6.634454 
1.260272 3.750686 
6.802954 6.709235 
0.1994879 4.127246 
1.629586 7.113202 
8.958158 2.81076 
1.531577 7.387045 
2.586416 5.749215 
2.440247 0.2449599 
3.118649 3.626947 
2.212467 4.408493 
0.3054684 4.03402 
9.030366 5.447722 
9.593975 8.631965 
9.428487 7.656747 
4.533 0.6542191 
4.37665 1.17518 
0.5016615 3.097882 
3.598213 3.086783 
8.966441 7.323368 
3.710632 1.414914 
5.03285 9.775732 
5.275993 8.54799 
1.702701 5.839237 
5.385988 8.995643 
1.104934 0.09344543 
6.14105 7.845571 
5.449764 9.078015 
2.276287 1.107776 
9.015087 4.65821 
1.985264 6.743483 
4.218121 4.654525 
8.843619 8.750205 
2.382008 4.010855 
2.916306 5.666851 
8.763953 6.537057 
6.190725 2.856597 
8.572988 8.919449 
4.772843 1.387133 
8.94231 5.571941 
1.690694 2.529284 
6.210701 0.7360617 
7.227605 7.626486 
1.902162 6.063688 
5.687155 3.329939 
6.715313 9.096636 
9.192109 5.900272 
3.255597 9.464257 
5.467521 9.023305 
0.04991179 3.86968 
3.701161 7.18481 
6.376214 8.273471 
6.09607 9.13822 
8.182922 1.306188 
1.178918 0.4441708 
6.633577 9.882339 
2.016073 3.894794 
5.868595 7.110534 
6.9507 5.259401 
5.282881 3.869013 
3.695215 7.185668 
6.984724 8.801807 
4.737045 1.211602 
2.308078 3.670522 
4.541347 7.899319 
0.7919192 2.156002 
2.576806 6.207268 
5.540805 3.777224 
0.2175979 6.040353 
2.111021 5.645183 
6.363934 6.944433 
7.169738 8.141437 
7.768624 4.536842 
0.7320857 3.699647 
0.9874837 8.22659 
9.463956 5.126243 
9.308834 7.415818 
9.214515 8.493385 
6.499386 4.402997 
1.563504 4.059083 
9.101437 8.509176 
9.220619 7.270246 
1.692406 6.150703 
0.7336732 7.000011 
5.662289 7.48173 
3.654053 2.618476 
4.601666 2.761967 
4.647369 1.994638 
7.789071 9.42996 
8.236664 2.711457 
2.823551 4.984086 
7.299783 0.3668788 
4.959717 8.017372 
0.662683 4.052246 
0.3764783 4.601259 
2.375851 9.311522 
2.183961 3.898807 
4.223863 7.458164 
5.497516 7.836085 
7.137376 2.074563 
2.399941 0.5652673 
8.95682 3.315138 
4.826238 6.838052 
2.62847 7.677743 
3.199188 6.530494 
6.64302 9.33804 
7.280514 0.03515952 
5.71436 3.783891 
8.786951 6.437041 
4.092033 0.9907261 
2.053958 0.1506346 
4.708204 1.485651 
3.794078 7.453103 
2.47565 8.527468 
9.250325 3.249455 
4.661747 2.666695 
0.1394168 2.435474 
9.432247 9.562503 
3.745457 4.972687 
0.08041536 6.944516 
9.805245 9.151319 
3.775401 6.089218 
9.858676 2.626089 
1.396164 9.189307 
5.622181 7.116131 
7.943602 0.4382859 
1.939014 6.335076 
7.106985 8.527324 
5.65708 1.190959 
0.1011573 9.520379 
2.569509 0.4083986 
4.709815 1.706 
9.268627 0.2315341 
9.95292 3.899099 
2.099823 7.092771 
5.451869 6.557555 
6.453929 4.861427 
9.01108 0.8072316 
7.323217 9.678844 
6.097107 5.602729 
2.243721 7.169062 
9.16171 2.834248 
8.02761 8.022529 
3.124086 6.292194 
2.272512 9.089609 
6.575952 3.961252 
7.357312 3.082844 
4.650943 7.316942 
8.636053 6.950086 
6.750006 4.353002 
1.614679 8.075199 
0.1209031 3.05613 
8.66068 9.145553 
1.007128 6.298294 
3.122322 7.771643 
4.344951 7.171439 
6.157561 6.631762 
3.392241 7.03092 
5.799781 1.926358 
8.296748 5.980782 
3.346181 7.671705 
3.82019 2.363759 
6.056899 6.915561 
4.957359 0.9223908 
1.092679 7.370412 
8.459283 9.446811 
4.458565 6.640877 
7.503759 6.674156 
7.955386 4.200217 
3.906989 1.379669 
0.1484789 4.693651 
7.434148 0.9375424 
0.6838518 7.540734 
5.320206 3.663279 
1.226304 5.681364 
6.7577 3.830213 
0.5602007 2.032387 
7.980094 5.352654 
6.62605 3.858472 
2.442414 8.622854 
1.603724 0.9356354 
0.579999 0.6344854 
0.1521119 1.66764 
8.333548 9.356552 
2.618772 4.42509 
0.5541483 6.743963 
3.480334 0.36078 
5.802184 4.684211 
8.042183 0.4565357 
3.402657 6.200337 
1.348503 8.64892 
7.736129 1.958692 
8.772378 2.820985 
9.87968 8.651871 
6.548186 0.3203505 
2.540273 7.823554 
6.414556 4.550695 
4.506124 0.8012189 
1.969612 9.067609 
6.061875 1.890067 
9.746297 7.460959 
1.991744 4.315641 
4.34759 6.705322 
3.395387 1.874512 
0.3400824 8.817432 
0.9919856 0.4886745 
4.192328 2.202049 
0.4733834 2.618005 
0.2652928 7.672099 
1.73512 3.859625 
3.780865 2.785731 
5.883228 0.7761551 
3.364297 5.003049 
4.945483 4.514514 
7.523267 9.866016 
1.690621 1.421343 
8.436316 8.338358 
3.203029 0.2952949 
2.338872 7.787587 
3.099936 2.286739 
7.8991 1.338601 
2.545077 1.906109 
9.228235 2.158646 
1.483535 9.341714 
2.164778 9.888177 
6.260918 3.100249 
2.570702 1.371309 
7.071737 6.609858 
7.424052 5.849134 
2.623564 3.440653 
5.726198 8.139565 
9.156486 2.83184 
7.084201 8.458411 
8.443551 1.370219 
9.199424 8.619478 
2.946347 0.6712062 
6.506527 4.352084 
1.417662 6.80135 
