4 1 
2.38726 9.860543 
9.623589 1.370675 
6.013657 9.053096 
5.150297 5.763018 
4.025733 3.954489 
8.802465 4.498025 
3.640919 7.065019 
2.882393 0.8250275 
1.706452 3.393126 
1.721717 6.807876 
4.820426 3.169492 
2.529649 8.315686 
2.162548 2.151721 
6.743764 4.979489 
0.4766363 2.760497 
7.008531 1.920233 
3.518886 9.506213 
4.08944 3.217255 
8.209513 4.784564 
9.188573 0.2799257 
2.825283 5.474595 
9.611048 6.442402 
7.283944 5.962635 
6.863751 3.219374 
0.5284394 8.911143 
3.952201 6.262569 
4.778454 3.029049 
5.602533 3.882047 
6.982616 1.604751 
9.156835 8.625519 
6.183512 9.531012 
4.284215 5.636447 
5.420804 3.295474 
0.5847849 9.966172 
2.608569 2.348197 
3.97152 6.12672 
1.977447 1.081785 
8.319276 4.870326 
1.528872 0.9944582 
8.034185 1.611658 
5.468262 2.829929 
6.623176 5.838723 
1.716985 7.317077 
6.330554 1.655209 
3.118697 8.664678 
7.245543 7.085741 
3.989398 7.603995 
9.693564 1.470841 
9.673984 3.58057 
7.267025 6.733325 
2.572167 5.238226 
2.217879 3.498018 
5.930457 2.405307 
2.675214 0.581918 
5.310704 2.366197 
7.852917 8.900779 
1.680608 8.118274 
4.043992 7.475163 
4.715763 1.549117 
8.681068 1.247421 
9.25708 9.747258 
8.819776 4.3613 
6.741868 4.640166 
9.50167 1.652981 
5.164449 5.849366 
5.76519 2.70778 
3.363312 2.300969 
3.473246 6.912078 
0.200243 2.828524 
5.02813 8.103981 
8.710434 0.9391661 
0.06300784 8.220301 
0.7205712 4.274283 
1.642112 7.558873 
7.703341 6.623855 
7.351843 4.445274 
9.718756 6.271462 
4.664724 0.004653491 
0.7438451 2.172435 
6.488181 7.048722 
7.585932 2.151665 
1.371061 8.139337 
3.965846 3.077639 
2.249853 6.877427 
0.5795856 9.326811 
3.958927 1.157797 
0.649283 1.277057 
2.258864 6.782239 
0.5462911 4.289486 
6.70282 8.34401 
2.977418 9.714381 
1.007216 0.7048898 
0.719041 4.597852 
8.804406 7.015851 
7.542474 0.8694017 
8.166059 9.92944 
9.821404 2.53099 
1.035996 0.4953844 
0.9904183 6.863249 
7.988316 7.869274 
7.845753 3.536061 
0.09429905 3.664414 
7.790659 2.871001 
7.293907 0.7997291 
6.301319 3.654543 
4.809108 1.780138 
1.566369 5.360537 
0.0821552 5.039487 
4.524584 9.450351 
4.922933 3.413213 
3.895871 4.647138 
4.646659 0.8253118 
7.13279 8.601068 
0.5530193 3.956606 
3.547831 7.358994 
8.028123 1.717434 
8.357088 4.547616 
2.377494 7.702048 
3.539861 0.6265 
8.568854 8.150815 
8.537634 3.011425 
2.958955 3.64671 
1.470483 3.121128 
7.039921 0.3736996 
1.038067 5.188049 
0.3372777 6.790134 
9.994045 9.032336 
0.348748 0.255267 
3.383913 9.890783 
9.150638 3.028876 
6.172353 9.391384 
2.862853 6.876076 
7.377974 4.47037 
8.340543 8.164781 
3.142708 0.394992 
4.925665 7.390317 
6.973738 3.487195 
6.414624 8.292508 
6.439229 5.355414 
9.778534 2.745454 
4.147353 8.009482 
1.194048 0.9164469 
5.260297 8.321078 
2.250734 2.768551 
4.864118 7.531101 
3.702148 9.641526 
9.833502 0.8146656 
3.883191 8.543647 
2.292448 8.022382 
6.232975 3.851736 
1.365402 3.275974 
9.674695 2.049387 
5.150718 5.693827 
1.630703 8.880552 
6.219023 5.297141 
9.859542 5.869587 
6.687715 6.657351 
4.189159 5.298925 
3.23345 5.098429 
8.352553 0.1616048 
1.43817 0.4770998 
1.928159 9.293507 
8.967387 7.692855 
3.081196 2.010806 
3.633005 6.502615 
7.839465 6.537667 
1.933787 3.952538 
0.1776581 8.123048 
4.066079 5.470234 
4.831677 8.851327 
4.21845 5.53314 
3.428088 9.060481 
8.664833 5.874614 
4.551081 4.234637 
5.337649 9.495853 
9.638433 7.090379 
7.745915 4.133054 
2.088763 0.1836408 
3.087868 5.667341 
9.713425 4.900635 
5.849001 8.78674 
7.608236 8.128527 
3.727094 8.541 
7.691939 3.678959 
5.376772 8.739499 
9.139954 1.513382 
1.852964 2.818117 
2.822184 6.667052 
0.9496241 9.773836 
2.104871 5.827397 
9.77099 5.265901 
2.963022 0.6078222 
7.25983 9.690389 
7.856878 1.202371 
1.054177 0.883633 
2.395946 8.807641 
2.705449 5.083706 
1.010585 3.37495 
1.179138 8.943346 
9.912366 0.3197163 
