2 1 
2.875775 5.99989 
7.883051 3.328235 
4.089769 4.88613 
8.830174 9.544738 
9.404673 4.829024 
0.455565 8.903502 
5.281055 9.144382 
8.92419 6.08735 
5.51435 4.106898 
4.566147 1.470947 
9.568333 9.352998 
4.533342 3.012289 
6.775706 0.6072057 
5.726334 9.477269 
1.029247 7.205963 
8.99825 1.422943 
2.460877 5.492847 
0.4205953 9.540912 
3.279207 5.854834 
9.545036 4.045103 
8.895393 6.478935 
6.928034 3.198206 
6.405068 3.0772 
9.942698 2.197676 
6.557058 3.694889 
7.085305 9.842192 
5.44066 1.542023 
5.94142 0.91044 
2.891597 1.419069 
1.471136 6.900071 
9.630242 6.192565 
9.02299 8.913941 
6.907053 6.729991 
7.954674 7.370777 
0.2461368 5.211357 
4.77796 6.598384 
7.584595 8.218055 
2.164079 7.862816 
3.18181 9.798219 
2.316258 4.394315 
1.428 3.117022 
4.145463 4.09475 
4.137243 0.1046711 
3.688455 1.838495 
1.524447 8.427293 
1.388061 2.311618 
2.330341 2.391 
4.659625 0.7669117 
2.659726 2.457237 
8.578277 7.321352 
0.4583117 8.474532 
4.422001 4.975273 
7.989248 3.87909 
1.218993 2.46449 
5.60948 1.110965 
2.065314 3.899944 
1.275317 5.719353 
7.533079 2.168928 
8.950454 4.44768 
3.744628 2.179907 
6.651152 5.022996 
0.9484066 3.539046 
3.839696 6.499852 
2.743836 3.74714 
8.1464 3.554454 
4.485163 5.336879 
8.100644 7.403344 
8.123895 2.211029 
7.943423 4.127461 
4.398317 2.656867 
7.544752 6.299731 
6.292211 1.838285 
7.101824 8.636441 
0.006247733 7.46568 
4.753166 6.682846 
2.201189 6.180179 
3.798165 3.722381 
6.12771 5.298357 
3.517979 8.746823 
1.111354 5.817501 
2.436195 8.397678 
6.680556 3.124482 
4.176468 7.082903 
7.881958 2.650178 
1.028646 5.943432 
4.348927 4.812898 
9.84957 2.650327 
8.930511 5.645904 
8.864691 9.131882 
1.750527 9.018744 
1.306957 2.741666 
6.531019 3.214828 
3.435165 9.856409 
6.567581 6.199933 
3.203732 9.373141 
1.876911 4.665327 
7.822943 4.068326 
0.9359499 6.592303 
4.66779 1.523466 
5.115055 5.728671 
