6 1 
2.372297 9.236992 
6.864904 5.425984 
2.258184 8.523646 
3.184946 5.835629 
1.739838 6.683236 
8.014296 5.113146 
1.462821 7.627506 
8.227174 9.033623 
3.309978 8.204745 
3.741694 0.7143185 
6.297454 0.03896343 
0.9663374 0.5219862 
0.2199372 8.665602 
9.930448 5.762452 
5.839388 3.138426 
7.818231 9.594658 
8.918961 5.911938 
7.548655 5.314093 
9.792037 3.839367 
0.4414707 3.195532 
9.034009 8.083863 
8.655008 0.419195 
7.754076 3.637427 
3.768164 8.56597 
0.4210805 6.979466 
3.644111 6.844865 
2.737513 3.480151 
8.504675 5.546818 
3.624017 1.372436 
3.044778 7.849316 
7.591353 8.868626 
8.448346 2.040959 
4.579216 7.70623 
7.296317 5.96363 
1.040786 9.576697 
2.199832 1.586884 
9.539512 5.259743 
7.520375 8.731514 
8.189554 8.697061 
4.177771 0.2368864 
5.938385 9.758897 
7.988236 4.902242 
8.884087 3.891703 
3.851916 4.17555 
0.9032208 0.9292582 
6.257436 1.618092 
7.456362 4.054165 
0.8537846 3.418144 
3.005176 4.152575 
6.145622 3.040525 
7.529321 5.602805 
9.170571 1.558742 
4.757505 9.565798 
5.671195 0.4396663 
7.366203 3.721577 
8.574474 9.626153 
9.091465 6.454275 
0.5638223 0.6126261 
5.029083 4.099459 
3.505448 4.259051 
8.455561 5.081581 
8.064352 4.495999 
1.173312 6.232614 
7.126866 1.399779 
2.352689 9.079464 
0.7495675 5.694433 
9.356461 5.482806 
1.571678 1.168276 
6.470574 7.620283 
1.735177 4.783694 
0.2007401 7.819689 
5.213138 0.4602655 
0.8627789 8.198447 
2.830023 2.694084 
4.204349 2.828504 
5.872781 6.432216 
8.066944 9.481188 
2.019952 0.06998454 
4.594247 3.516177 
4.481431 4.190457 
7.337478 4.578768 
7.147548 7.116926 
8.31222 9.198481 
8.865661 6.271107 
9.526446 9.021818 
5.506167 7.573292 
5.223358 1.378584 
1.706983 1.532549 
4.792716 1.913122 
2.538208 4.331851 
0.3978064 0.872193 
6.348005 2.2378 
5.395609 5.721487 
1.401035 4.001692 
2.837118 5.654654 
5.830306 8.296239 
1.650259 6.421138 
0.9630111 3.914988 
4.286131 7.095799 
3.557616 1.088241 
8.449335 2.736227 
2.601325 5.938669 
0.2314449 1.601848 
8.623995 8.534302 
3.34588 8.477392 
6.317889 4.778868 
5.464263 7.736921 
3.764445 2.954001 
1.85873 0.6562811 
4.289406 4.405331 
6.307736 4.620989 
5.208424 3.409344 
6.596213 1.851403 
7.293609 5.069977 
4.868229 0.1919103 
3.844566 7.73686 
0.06833509 5.596651 
0.03684228 6.414626 
9.949364 4.684321 
1.078869 2.792238 
4.186692 4.612166 
7.178845 7.927383 
7.425391 5.855656 
8.719988 3.94759 
6.07868 8.112373 
7.562034 3.185631 
8.472413 5.814473 
6.127796 4.55489 
7.932242 2.688034 
0.2285468 5.551772 
4.169145 2.312309 
8.748824 5.432329 
6.47347 4.475701 
9.24479 1.302881 
1.722251 6.21726 
3.158128 5.479943 
8.042563 1.492442 
9.889634 5.595459 
3.223856 4.268856 
0.01191628 4.477301 
9.921706 8.332948 
1.483524 7.195873 
0.493643 4.568868 
5.973535 5.212643 
3.213284 2.424571 
5.27929 0.7586083 
7.95422 3.912951 
0.689326 0.1310822 
6.950207 8.674995 
9.486315 9.926157 
2.777693 7.088554 
2.494066 8.267155 
1.594355 8.918963 
0.7163006 5.394107 
5.574376 5.553136 
4.898371 2.764399 
4.942924 6.591979 
8.883716 2.434352 
0.3670436 2.882662 
2.037438 7.15781 
5.137811 7.275336 
2.363399 1.73043 
5.754357 3.063113 
4.822579 3.699073 
5.693527 0.7772155 
1.441523 7.131502 
1.457088 5.509227 
4.122831 1.358654 
6.830103 9.741637 
6.534278 5.619632 
9.159863 7.884094 
8.131131 8.489141 
6.7589 8.780418 
8.074991 8.004764 
1.280644 6.401485 
2.507785 6.289278 
3.31547 2.71409 
4.072693 0.2993983 
6.353676 4.198642 
8.08612 3.554347 
2.588012 3.923313 
8.194671 1.719368 
0.1547767 3.196421 
6.544008 4.135551 
8.117196 7.593357 
4.613689 2.718902 
2.034171 1.155825 
0.1876822 0.2933661 
2.831327 8.068553 
9.152726 4.801264 
9.336965 8.062479 
5.425316 0.7900568 
2.194225 1.153374 
4.894278 1.294163 
8.011487 7.387485 
4.076307 7.570985 
1.037116 9.924553 
2.805652 6.24553 
3.614662 2.886901 
2.592448 1.999118 
4.706818 8.009178 
3.658455 7.277627 
1.212721 2.17048 
0.4699368 7.442385 
2.627963 8.666537 
9.686412 5.294058 
4.884955 5.986385 
4.77822 9.376323 
7.487929 9.507241 
6.676402 6.605323 
0.494156 0.7228658 
6.951052 8.263316 
3.632616 4.795441 
8.841336 3.912288 
7.752972 2.991228 
1.392036 2.443082 
2.950093 4.218101 
1.260828 9.377702 
5.899016 2.644851 
5.616756 5.685688 
6.887211 2.021846 
3.112708 1.928056 
6.055868 7.186117 
9.910343 3.135179 
7.432049 1.383901 
0.7585713 0.580307 
4.511689 9.310996 
0.5353693 5.68338 
3.395555 1.177704 
7.339521 5.647945 
0.0410694 5.402562 
7.719095 8.196825 
4.629752 7.029795 
7.208404 5.677484 
6.665057 7.213093 
5.720737 7.524442 
7.03813 3.814226 
6.572211 2.880103 
2.893521 5.316833 
0.9723946 2.596461 
9.624213 8.317903 
7.36334 4.053639 
6.127235 0.7263193 
1.199289 9.537586 
5.50259 2.171838 
2.627563 4.056253 
8.983608 6.256683 
0.09179946 6.284048 
2.362349 3.282387 
1.300446 1.389095 
3.262331 9.146572 
7.263989 5.99116 
9.917452 7.496071 
7.151335 9.189547 
5.044398 5.287654 
4.360477 3.719787 
9.488253 0.6580832 
1.201815 8.543699 
0.7514518 5.104113 
8.890215 2.099981 
4.244521 3.758434 
0.4236068 2.073655 
6.474421 4.592408 
4.686192 2.415023 
6.179261 1.186903 
2.708154 0.7246915 
1.572953 6.909898 
1.142543 2.869576 
5.076829 1.494125 
5.480323 9.72432 
1.406462 4.105144 
1.697691 4.018139 
7.619853 6.485563 
5.273949 9.163057 
8.609894 2.166621 
6.73555 5.479989 
0.1304103 7.200505 
6.931989 3.97246 
8.917137 0.9400139 
6.318502 6.348964 
1.072947 0.0247881 
9.210652 2.105232 
6.753624 6.790228 
1.485937 8.661891 
7.453418 7.996971 
9.425989 1.349964 
4.207834 3.874983 
2.977231 7.884719 
2.594267 6.929137 
2.228813 5.94273 
5.656543 1.238577 
7.566501 5.550781 
6.696035 4.494114 
5.465228 7.661665 
8.114637 0.2609772 
7.591668 1.951714 
0.2006847 8.812346 
3.809037 1.098016 
0.5088011 9.685509 
7.979029 3.851986 
