8 1 
8.585914 6.391858 
8.873848 1.248224 
4.890915 2.552658 
7.180918 8.205747 
4.867056 8.037804 
9.887089 0.4583463 
0.6475113 8.755317 
1.576628 1.280091 
7.853486 6.088314 
5.421883 4.695669 
4.165473 5.572911 
9.988826 7.303928 
2.556731 4.698587 
5.078757 9.886101 
0.7897118 9.846684 
8.136684 3.932847 
3.821792 6.088471 
8.021827 3.454837 
1.979236 4.371126 
9.463998 2.29132 
3.456725 0.06072248 
5.220502 0.2387689 
1.11688 0.5875843 
8.859749 7.645756 
9.54255 4.69044 
0.4038076 8.508319 
4.936162 5.817194 
2.260637 1.868883 
8.588003 6.09061 
5.309357 8.933417 
0.04638151 7.943212 
2.775601 5.040928 
3.252031 4.230283 
5.887063 6.543813 
2.496847 8.877385 
0.4311728 8.920165 
1.106788 1.783905 
7.037538 2.575024 
9.390212 1.134385 
3.11169 7.97159 
0.7849293 1.095385 
3.217441 8.290717 
6.249055 7.710463 
4.402418 9.436894 
8.013453 4.669576 
2.792838 9.398556 
5.707132 7.851829 
0.4212801 8.746079 
1.907175 3.944627 
7.270865 0.9969916 
8.266901 2.769614 
5.107211 7.222221 
5.677262 3.563052 
0.0115582 3.827119 
1.437781 0.3196865 
8.659671 5.214453 
0.8256106 1.210779 
2.445707 8.851842 
9.815432 0.746463 
5.775813 7.842279 
2.487264 8.541323 
6.14954 0.3717817 
0.3175732 2.751435 
1.464235 6.420699 
7.03073 7.850784 
0.6556071 4.000627 
6.218071 9.353023 
9.373274 3.90517 
0.8789461 4.239593 
9.728035 2.864217 
0.2601071 6.117484 
7.25228 5.588127 
4.537064 0.3996714 
5.661824 7.452819 
8.72731 2.064874 
5.545632 6.56496 
7.376522 5.224147 
6.231292 6.334366 
3.110284 6.175631 
3.921965 2.848955 
2.020875 2.238072 
8.527804 5.390194 
6.068302 9.96372 
7.56098 3.289165 
5.625168 3.233361 
2.75899 0.3532352 
7.355584 5.256119 
5.492798 5.968069 
3.46127 7.420867 
5.149656 9.528371 
8.157679 4.896212 
5.262726 0.8328735 
2.0304 2.59928 
8.481077 8.748466 
3.704942 8.520591 
3.033252 8.429047 
7.70597 9.469037 
7.334486 6.526816 
8.38906 4.881556 
5.690488 1.877567 
0.2628084 7.130331 
4.861272 0.8506997 
5.42681 4.611994 
8.366601 9.359073 
7.286645 8.452937 
5.551138 7.161867 
0.734144 1.238063 
1.365023 5.948275 
6.846087 9.898528 
0.9962194 6.154085 
2.037859 2.730777 
3.659801 0.6370684 
8.461958 0.7230328 
2.368726 8.735112 
7.048779 3.62825 
1.076088 9.456221 
7.790689 5.583189 
2.551057 5.126612 
5.480433 9.477717 
0.3390152 1.098016 
8.061095 8.189076 
3.377528 3.773421 
9.162859 5.56641 
3.571064 3.138712 
9.75365 0.8234288 
3.843785 7.799375 
4.886735 1.932347 
4.907762 6.555855 
0.1225462 4.351471 
6.414732 1.971483 
5.12575 9.946604 
3.203521 4.467429 
5.814332 0.3142666 
6.173444 9.370166 
4.382745 8.70984 
1.70369 6.012463 
7.150805 2.990155 
7.477865 8.093463 
8.439147 9.521424 
5.34759 8.52054 
3.022353 1.273097 
4.565182 9.688823 
3.843425 5.57101 
2.490469 0.05364447 
6.546267 1.357639 
9.553237 0.05847102 
2.91083 8.168741 
6.501891 7.821636 
5.363599 9.310663 
5.974519 3.686899 
0.2489827 9.744549 
0.0484174 8.237437 
1.313783 7.874489 
0.248171 6.228258 
0.9212945 9.673549 
4.755582 4.999185 
1.966568 8.936956 
8.146739 4.010432 
2.440592 4.475416 
4.888076 9.357791 
6.488825 6.833322 
1.587165 0.1816313 
8.369779 1.655267 
4.365965 4.958345 
2.334955 4.265352 
2.98856 9.920531 
1.594213 8.889501 
5.855671 3.457554 
1.48778 7.058441 
1.790596 9.087247 
3.392215 6.762929 
1.839019 6.391003 
4.055415 1.496045 
6.135596 6.011254 
6.856713 2.727512 
8.235256 4.578534 
3.739821 2.222531 
9.52841 2.549215 
0.1883216 6.536877 
6.12375 4.719932 
4.635738 1.60963 
3.547296 2.720803 
8.82423 7.129561 
0.7580286 6.133537 
8.832912 1.32122 
1.882218 0.7000725 
2.150667 9.66265 
8.695323 3.682703 
0.6083806 6.774541 
2.348996 8.459517 
9.930155 2.416504 
6.781977 0.3515099 
4.354868 5.952402 
3.773099 8.361911 
4.61184 3.622492 
8.018519 3.321885 
6.62967 6.447363 
4.660037 9.586151 
0.5325944 5.962036 
2.371979 5.1028 
2.332397 1.552641 
2.306536 8.45851 
0.6172627 2.143804 
4.971186 6.698732 
2.441251 6.177565 
7.581855 0.4999978 
5.473027 9.493988 
9.480669 5.82552 
0.8617219 8.609543 
9.478826 5.184672 
7.223989 2.661275 
9.220046 5.973777 
6.138409 7.955761 
1.609665 6.89286 
1.829407 4.806316 
7.301836 4.659294 
5.895257 6.184123 
3.124824 4.492705 
7.727944 6.027075 
3.362982 0.04608974 
8.556767 9.949945 
5.805285 4.064624 
4.157227 1.179516 
9.325728 8.695391 
4.626988 5.40193 
0.9934633 8.815977 
4.654494 0.3753984 
9.840839 8.81434 
9.252729 7.223497 
4.353988 7.698103 
8.697207 8.635937 
3.003542 5.007421 
7.979726 9.25864 
8.005107 2.080747 
3.869257 0.2710559 
3.815897 3.157931 
6.455156 6.601122 
8.616675 3.146913 
6.566327 9.444614 
5.163261 7.789706 
1.487816 3.394312 
6.127659 4.816463 
0.4196682 4.159948 
4.98359 7.763339 
7.395082 4.85427 
7.538998 0.152991 
0.6309374 6.424513 
4.424819 2.3483 
5.006717 7.470259 
2.702431 2.956074 
5.988021 9.062182 
7.358376 8.53324 
7.135778 4.619638 
1.164929 0.7134825 
5.751206 5.778037 
7.98132 5.795793 
2.318238 9.935768 
7.248558 3.352744 
8.380232 6.668018 
1.188386 9.38556 
9.589504 5.748568 
7.477646 6.917114 
8.108895 0.8975859 
1.899177 8.664592 
0.2596878 5.011394 
8.637823 2.232563 
9.191799 4.124192 
1.37628 8.863063 
4.776486 4.955934 
4.629615 6.727537 
7.001786 2.825044 
0.655749 8.170583 
7.3304 2.460995 
3.959316 3.696462 
4.614878 2.355244 
7.252994 9.357569 
4.700026 4.150768 
9.99524 1.374494 
8.459358 9.143647 
8.282073 3.476414 
7.616443 8.529309 
1.121065 1.426352 
8.38977 3.594329 
8.138505 2.455051 
9.914122 0.4590595 
0.4831452 7.845479 
7.467879 1.991717 
4.193135 3.918502 
5.821439 3.235622 
8.307341 6.021059 
0.1353063 5.412717 
0.1152176 9.908237 
9.964457 2.53791 
7.656897 7.352699 
3.146626 9.776082 
8.120117 5.580462 
9.912192 3.927082 
2.007596 8.246893 
6.460372 1.123845 
4.375507 5.357779 
9.380283 4.438316 
9.880033 2.739572 
4.563196 1.573575 
2.306149 8.718381 
6.954893 5.620449 
5.566323 5.506898 
5.847101 5.923653 
4.336312 7.278129 
4.261751 6.389253 
5.968544 6.144502 
4.520856 0.5241685 
9.566087 5.651578 
8.444304 5.873414 
2.227686 6.285671 
4.201702 6.218906 
4.199829 0.8227004 
0.2079085 0.7764261 
3.80448 6.870947 
4.223484 8.303036 
1.914261 1.459099 
7.053293 7.835301 
0.1352048 4.864501 
7.312031 9.892651 
4.327241 4.99105 
7.312401 5.622605 
0.1394155 3.78257 
0.4531331 5.186372 
4.184144 0.7428379 
6.4384 5.384723 
2.197938 9.61061 
8.334427 5.278101 
6.947673 4.371595 
8.991245 0.32267 
4.142403 0.3773418 
4.110047 0.4734829 
2.50015 1.60959 
3.73767 4.690974 
2.318927 8.05924 
9.316032 2.805975 
4.763448 7.54784 
0.47665 5.218258 
7.735311 2.889472 
3.311173 0.173772 
5.528765 6.683495 
6.763305 0.6697596 
2.773344 8.363864 
0.5285568 1.353432 
4.257586 6.558781 
6.101185 8.379477 
9.76046 2.57648 
9.698001 1.359953 
0.8848456 7.634884 
4.9838 2.119962 
3.956894 2.679696 
3.903319 5.318312 
3.184995 4.741169 
6.825751 3.734437 
2.846149 7.753499 
3.900947 5.58204 
9.901686 1.552366 
7.920057 9.894184 
3.124052 2.444464 
8.171177 1.303785 
2.209098 2.126811 
5.010738 3.800042 
1.669723 3.596212 
1.196592 3.02662 
8.9761 0.4439971 
0.9371488 9.347834 
8.650586 5.68717 
2.765915 2.208027 
0.2728369 8.779612 
7.87385 4.672888 
3.586603 5.423498 
0.2510297 7.843982 
7.460936 6.478703 
0.2962558 1.448931 
4.338648 3.216374 
2.566268 9.510556 
4.980152 1.881985 
6.533552 7.504042 
0.8365689 4.591585 
1.804725 1.41365 
1.044625 2.051931 
8.12393 6.752935 
6.275024 1.380302 
6.305725 4.155437 
3.908899 4.51247 
4.322536 6.229466 
3.48634 2.511743 
7.935578 4.641535 
8.869361 1.655092 
6.511271 8.578065 
5.928633 1.565519 
3.278221 0.8833163 
0.7568937 8.934178 
5.913872 3.006205 
1.783368 7.520867 
7.413501 4.016066 
2.938762 4.485581 
